FILENAME: xyz/table.xyz
MASS: 14650.6074
EXACT MASS: 14662.9736328
INTERATOMIC DISTANCES

              H   1     He   2     Li   3     Be   4      B   5      C   6
              ------------------------------------------------------------------
   H   1    0.0000 
  He   2   13.6000     0.0000 
  Li   3    0.8000    13.6235     0.0000 
  Be   4    1.1314    12.8250     0.8000     0.0000 
   B   5    9.6333     4.0792     9.6000     8.8000     0.0000 
   C   6   10.4307     3.2985    10.4000     9.6000     0.8000     0.0000 
   N   7   11.2285     2.5298    11.2000    10.4000     1.6000     0.8000 
   O   8   12.0266     1.7889    12.0000    11.2000     2.4000     1.6000 
   F   9   12.8250     1.1314    12.8000    12.0000     3.2000     2.4000 
  Ne  10   13.6235     0.8000    13.6000    12.8000     4.0000     3.2000 
  Na  11    1.6000    13.6938     0.8000     1.1314     9.6333    10.4307 
  Mg  12    1.7889    12.8996     1.1314     0.8000     8.8363     9.6333 
  Al  13    9.7324     4.3081     9.6333     8.8363     0.8000     1.1314 
  Si  14   10.5224     3.5777    10.4307     9.6333     1.1314     0.8000 
   P  15   11.3137     2.8844    11.2285    10.4307     1.7889     1.1314 
   S  16   12.1062     2.2627    12.0266    11.2285     2.5298     1.7889 
  Cl  17   12.8996     1.7889    12.8250    12.0266     3.2985     2.5298 
  Ar  18   13.6938     1.6000    13.6235    12.8250     4.0792     3.2985 
   K  19    2.4000    13.8101     1.6000     1.7889     9.7324    10.5224 
  Ca  20    2.5298    13.0231     1.7889     1.6000     8.9443     9.7324 
  Sc  21    2.8844    12.2376     2.2627     1.7889     8.1584     8.9443 
  Ti  22    3.3941    11.4543     2.8844     2.2627     7.3756     8.1584 
   V  23    4.0000    10.6733     3.5777     2.8844     6.5970     7.3756 
  Cr  24    4.6648     9.8955     4.3081     3.5777     5.8241     6.5970 
  Mn  25    5.3666     9.1214     5.0596     4.3081     5.0596     5.8241 
  Fe  26    6.0926     8.3522     5.8241     5.0596     4.3081     5.0596 
  Co  27    6.8352     7.5895     6.5970     5.8241     3.5777     4.3081 
  Ni  28    7.5895     6.8352     7.3756     6.5970     2.8844     3.5777 
  Cu  29    8.3522     6.0926     8.1584     7.3756     2.2627     2.8844 
  Zn  30    9.1214     5.3666     8.9443     8.1584     1.7889     2.2627 
  Ga  31    9.8955     4.6648     9.7324     8.9443     1.6000     1.7889 
  Ge  32   10.6733     4.0000    10.5224     9.7324     1.7889     1.6000 
  As  33   11.4543     3.3941    11.3137    10.5224     2.2627     1.7889 
  Se  34   12.2376     2.8844    12.1062    11.3137     2.8844     2.2627 
  Br  35   13.0231     2.5298    12.8996    12.1062     3.5777     2.8844 
  Kr  36   13.8101     2.4000    13.6938    12.8996     4.3081     3.5777 
  Rb  37    3.2000    13.9714     2.4000     2.5298     9.8955    10.6733 
  Sr  38    3.2985    13.1939     2.5298     2.4000     9.1214     9.8955 
   Y  39    3.5777    12.4193     2.8844     2.5298     8.3522     9.1214 
  Zr  40    4.0000    11.6482     3.3941     2.8844     7.5895     8.3522 
  Nb  41    4.5255    10.8812     4.0000     3.3941     6.8352     7.5895 
  Mo  42    5.1225    10.1193     4.6648     4.0000     6.0926     6.8352 
  Tc  43    5.7689     9.3638     5.3666     4.6648     5.3666     6.0926 
  Ru  44    6.4498     8.6163     6.0926     5.3666     4.6648     5.3666 
  Rh  45    7.1554     7.8791     6.8352     6.0926     4.0000     4.6648 
  Pd  46    7.8791     7.1554     7.5895     6.8352     3.3941     4.0000 
  Ag  47    8.6163     6.4498     8.3522     7.5895     2.8844     3.3941 
  Cd  48    9.3638     5.7689     9.1214     8.3522     2.5298     2.8844 
  In  49   10.1193     5.1225     9.8955     9.1214     2.4000     2.5298 
  Sn  50   10.8812     4.5255    10.6733     9.8955     2.5298     2.4000 
  Sb  51   11.6482     4.0000    11.4543    10.6733     2.8844     2.5298 
  Te  52   12.4193     3.5777    12.2376    11.4543     3.3941     2.8844 
   I  53   13.1939     3.2985    13.0231    12.2376     4.0000     3.3941 
  Xe  54   13.9714     3.2000    13.8101    13.0231     4.6648     4.0000 
  Cs  55    4.0000    14.1760     3.2000     3.2985    10.1193    10.8812 
  Ba  56    4.0792    13.4104     3.2985     3.2000     9.3638    10.1193 
  La  57    4.3081    12.6491     3.5777     3.2985     8.6163     9.3638 
  Ce  58    6.8000    12.0067     6.1057     5.7271     8.2462     8.8814 
  Pr  59    7.2111    11.3208     6.5605     6.1057     7.6420     8.2462 
  Nd  60    7.6837    10.6508     7.0767     6.5605     7.0767     7.6420 
  Pm  61    8.2073    10.0000     7.6420     7.0767     6.5605     7.0767 
  Sm  62    8.7727     9.3723     8.2462     7.6420     6.1057     6.5605 
  Eu  63    9.3723     8.7727     8.8814     8.2462     5.7271     6.1057 
  Gd  64   10.0000     8.2073     9.5415     8.8814     5.4406     5.7271 
  Tb  65   10.6508     7.6837    10.2215     9.5415     5.2612     5.4406 
  Dy  66   11.3208     7.2111    10.9179    10.2215     5.2000     5.2612 
  Ho  67   12.0067     6.8000    11.6276    10.9179     5.2612     5.2000 
  Er  68   12.7059     6.4622    12.3483    11.6276     5.4406     5.2612 
  Tm  69   13.4164     6.2097    13.0782    12.3483     5.7271     5.4406 
  Yb  70   14.1365     6.0531    13.8159    13.0782     6.1057     5.7271 
  Lu  71   14.8647     6.0000    14.5602    13.8159     6.5605     6.1057 
  Hf  72    4.6648    11.8929     4.0000     3.5777     7.8791     8.6163 
  Ta  73    5.1225    11.1427     4.5255     4.0000     7.1554     7.8791 
   W  74    5.6569    10.4000     5.1225     4.5255     6.4498     7.1554 
  Re  75    6.2482     9.6664     5.7689     5.1225     5.7689     6.4498 
  Os  76    6.8819     8.9443     6.4498     5.7689     5.1225     5.7689 
  Ir  77    7.5472     8.2365     7.1554     6.4498     4.5255     5.1225 
  Pt  78    8.2365     7.5472     7.8791     7.1554     4.0000     4.5255 
  Au  79    8.9443     6.8819     8.6163     7.8791     3.5777     4.0000 
  Hg  80    9.6664     6.2482     9.3638     8.6163     3.2985     3.5777 
  Tl  81   10.4000     5.6569    10.1193     9.3638     3.2000     3.2985 
  Pb  82   11.1427     5.1225    10.8812    10.1193     3.2985     3.2000 
  Bi  83   11.8929     4.6648    11.6482    10.8812     3.5777     3.2985 
  Po  84   12.6491     4.3081    12.4193    11.6482     4.0000     3.5777 
  At  85   13.4104     4.0792    13.1939    12.4193     4.5255     4.0000 
  Rn  86   14.1760     4.0000    13.9714    13.1939     5.1225     4.5255 
  Fr  87    4.8000    14.4222     4.0000     4.0792    10.4000    11.1427 
  Ra  88    4.8662    13.6704     4.0792     4.0000     9.6664    10.4000 
  Ac  89    5.0596    12.9244     4.3081     4.0792     8.9443     9.6664 
  Th  90    7.5153    12.4258     6.8000     6.4622     8.7727     9.3723 
  Pa  91    7.8892    11.7644     7.2111     6.8000     8.2073     8.7727 
   U  92    8.3235    11.1212     7.6837     7.2111     7.6837     8.2073 
  Np  93    8.8091    10.4995     8.2073     7.6837     7.2111     7.6837 
  Pu  94    9.3381     9.9035     8.7727     8.2073     6.8000     7.2111 
  Am  95    9.9035     9.3381     9.3723     8.7727     6.4622     6.8000 
  Cm  96   10.4995     8.8091    10.0000     9.3723     6.2097     6.4622 
  Bk  97   11.1212     8.3235    10.6508    10.0000     6.0531     6.2097 
  Cf  98   11.7644     7.8892    11.3208    10.6508     6.0000     6.0531 
  Es  99   12.4258     7.5153    12.0067    11.3208     6.0531     6.0000 
  Fm 100   13.1027     7.2111    12.7059    12.0067     6.2097     6.0531 
  Md 101   13.7928     6.9857    13.4164    12.7059     6.4622     6.2097 
  No 102   14.4941     6.8469    14.1365    13.4164     6.8000     6.4622 
  Lr 103   15.2053     6.8000    14.8647    14.1365     7.2111     6.8000 
  Rf 104    5.3666    12.1852     4.6648     4.3081     8.2365     8.9443 
  Db 105    5.7689    11.4543     5.1225     4.6648     7.5472     8.2365 
  Sg 106    6.2482    10.7331     5.6569     5.1225     6.8819     7.5472 
  Bh 107    6.7882    10.0240     6.2482     5.6569     6.2482     6.8819 
  Hs 108    7.3756     9.3295     6.8819     6.2482     5.6569     6.2482 
  Mt 109    8.0000     8.6533     7.5472     6.8819     5.1225     5.6569 

              N   7      O   8      F   9     Ne  10     Na  11     Mg  12
              ------------------------------------------------------------------
   N   7    0.0000 
   O   8    0.8000     0.0000 
   F   9    1.6000     0.8000     0.0000 
  Ne  10    2.4000     1.6000     0.8000     0.0000 
  Na  11   11.2285    12.0266    12.8250    13.6235     0.0000 
  Mg  12   10.4307    11.2285    12.0266    12.8250     0.8000     0.0000 
  Al  13    1.7889     2.5298     3.2985     4.0792     9.6000     8.8000 
  Si  14    1.1314     1.7889     2.5298     3.2985    10.4000     9.6000 
   P  15    0.8000     1.1314     1.7889     2.5298    11.2000    10.4000 
   S  16    1.1314     0.8000     1.1314     1.7889    12.0000    11.2000 
  Cl  17    1.7889     1.1314     0.8000     1.1314    12.8000    12.0000 
  Ar  18    2.5298     1.7889     1.1314     0.8000    13.6000    12.8000 
   K  19   11.3137    12.1062    12.8996    13.6938     0.8000     1.1314 
  Ca  20   10.5224    11.3137    12.1062    12.8996     1.1314     0.8000 
  Sc  21    9.7324    10.5224    11.3137    12.1062     1.7889     1.1314 
  Ti  22    8.9443     9.7324    10.5224    11.3137     2.5298     1.7889 
   V  23    8.1584     8.9443     9.7324    10.5224     3.2985     2.5298 
  Cr  24    7.3756     8.1584     8.9443     9.7324     4.0792     3.2985 
  Mn  25    6.5970     7.3756     8.1584     8.9443     4.8662     4.0792 
  Fe  26    5.8241     6.5970     7.3756     8.1584     5.6569     4.8662 
  Co  27    5.0596     5.8241     6.5970     7.3756     6.4498     5.6569 
  Ni  28    4.3081     5.0596     5.8241     6.5970     7.2443     6.4498 
  Cu  29    3.5777     4.3081     5.0596     5.8241     8.0399     7.2443 
  Zn  30    2.8844     3.5777     4.3081     5.0596     8.8363     8.0399 
  Ga  31    2.2627     2.8844     3.5777     4.3081     9.6333     8.8363 
  Ge  32    1.7889     2.2627     2.8844     3.5777    10.4307     9.6333 
  As  33    1.6000     1.7889     2.2627     2.8844    11.2285    10.4307 
  Se  34    1.7889     1.6000     1.7889     2.2627    12.0266    11.2285 
  Br  35    2.2627     1.7889     1.6000     1.7889    12.8250    12.0266 
  Kr  36    2.8844     2.2627     1.7889     1.6000    13.6235    12.8250 
  Rb  37   11.4543    12.2376    13.0231    13.8101     1.6000     1.7889 
  Sr  38   10.6733    11.4543    12.2376    13.0231     1.7889     1.6000 
   Y  39    9.8955    10.6733    11.4543    12.2376     2.2627     1.7889 
  Zr  40    9.1214     9.8955    10.6733    11.4543     2.8844     2.2627 
  Nb  41    8.3522     9.1214     9.8955    10.6733     3.5777     2.8844 
  Mo  42    7.5895     8.3522     9.1214     9.8955     4.3081     3.5777 
  Tc  43    6.8352     7.5895     8.3522     9.1214     5.0596     4.3081 
  Ru  44    6.0926     6.8352     7.5895     8.3522     5.8241     5.0596 
  Rh  45    5.3666     6.0926     6.8352     7.5895     6.5970     5.8241 
  Pd  46    4.6648     5.3666     6.0926     6.8352     7.3756     6.5970 
  Ag  47    4.0000     4.6648     5.3666     6.0926     8.1584     7.3756 
  Cd  48    3.3941     4.0000     4.6648     5.3666     8.9443     8.1584 
  In  49    2.8844     3.3941     4.0000     4.6648     9.7324     8.9443 
  Sn  50    2.5298     2.8844     3.3941     4.0000    10.5224     9.7324 
  Sb  51    2.4000     2.5298     2.8844     3.3941    11.3137    10.5224 
  Te  52    2.5298     2.4000     2.5298     2.8844    12.1062    11.3137 
   I  53    2.8844     2.5298     2.4000     2.5298    12.8996    12.1062 
  Xe  54    3.3941     2.8844     2.5298     2.4000    13.6938    12.8996 
  Cs  55   11.6482    12.4193    13.1939    13.9714     2.4000     2.5298 
  Ba  56   10.8812    11.6482    12.4193    13.1939     2.5298     2.4000 
  La  57   10.1193    10.8812    11.6482    12.4193     2.8844     2.5298 
  Ce  58    9.5415    10.2215    10.9179    11.6276     5.4406     5.0120 
  Pr  59    8.8814     9.5415    10.2215    10.9179     5.9464     5.4406 
  Nd  60    8.2462     8.8814     9.5415    10.2215     6.5115     5.9464 
  Pm  61    7.6420     8.2462     8.8814     9.5415     7.1218     6.5115 
  Sm  62    7.0767     7.6420     8.2462     8.8814     7.7666     7.1218 
  Eu  63    6.5605     7.0767     7.6420     8.2462     8.4380     7.7666 
  Gd  64    6.1057     6.5605     7.0767     7.6420     9.1302     8.4380 
  Tb  65    5.7271     6.1057     6.5605     7.0767     9.8387     9.1302 
  Dy  66    5.4406     5.7271     6.1057     6.5605    10.5603     9.8387 
  Ho  67    5.2612     5.4406     5.7271     6.1057    11.2925    10.5603 
  Er  68    5.2000     5.2612     5.4406     5.7271    12.0333    11.2925 
  Tm  69    5.2612     5.2000     5.2612     5.4406    12.7812    12.0333 
  Yb  70    5.4406     5.2612     5.2000     5.2612    13.5351    12.7812 
  Lu  71    5.7271     5.4406     5.2612     5.2000    14.2941    13.5351 
  Hf  72    9.3638    10.1193    10.8812    11.6482     3.3941     2.8844 
  Ta  73    8.6163     9.3638    10.1193    10.8812     4.0000     3.3941 
   W  74    7.8791     8.6163     9.3638    10.1193     4.6648     4.0000 
  Re  75    7.1554     7.8791     8.6163     9.3638     5.3666     4.6648 
  Os  76    6.4498     7.1554     7.8791     8.6163     6.0926     5.3666 
  Ir  77    5.7689     6.4498     7.1554     7.8791     6.8352     6.0926 
  Pt  78    5.1225     5.7689     6.4498     7.1554     7.5895     6.8352 
  Au  79    4.5255     5.1225     5.7689     6.4498     8.3522     7.5895 
  Hg  80    4.0000     4.5255     5.1225     5.7689     9.1214     8.3522 
  Tl  81    3.5777     4.0000     4.5255     5.1225     9.8955     9.1214 
  Pb  82    3.2985     3.5777     4.0000     4.5255    10.6733     9.8955 
  Bi  83    3.2000     3.2985     3.5777     4.0000    11.4543    10.6733 
  Po  84    3.2985     3.2000     3.2985     3.5777    12.2376    11.4543 
  At  85    3.5777     3.2985     3.2000     3.2985    13.0231    12.2376 
  Rn  86    4.0000     3.5777     3.2985     3.2000    13.8101    13.0231 
  Fr  87   11.8929    12.6491    13.4104    14.1760     3.2000     3.2985 
  Ra  88   11.1427    11.8929    12.6491    13.4104     3.2985     3.2000 
  Ac  89   10.4000    11.1427    11.8929    12.6491     3.5777     3.2985 
  Th  90   10.0000    10.6508    11.3208    12.0067     6.1057     5.7271 
  Pa  91    9.3723    10.0000    10.6508    11.3208     6.5605     6.1057 
   U  92    8.7727     9.3723    10.0000    10.6508     7.0767     6.5605 
  Np  93    8.2073     8.7727     9.3723    10.0000     7.6420     7.0767 
  Pu  94    7.6837     8.2073     8.7727     9.3723     8.2462     7.6420 
  Am  95    7.2111     7.6837     8.2073     8.7727     8.8814     8.2462 
  Cm  96    6.8000     7.2111     7.6837     8.2073     9.5415     8.8814 
  Bk  97    6.4622     6.8000     7.2111     7.6837    10.2215     9.5415 
  Cf  98    6.2097     6.4622     6.8000     7.2111    10.9179    10.2215 
  Es  99    6.0531     6.2097     6.4622     6.8000    11.6276    10.9179 
  Fm 100    6.0000     6.0531     6.2097     6.4622    12.3483    11.6276 
  Md 101    6.0531     6.0000     6.0531     6.2097    13.0782    12.3483 
  No 102    6.2097     6.0531     6.0000     6.0531    13.8159    13.0782 
  Lr 103    6.4622     6.2097     6.0531     6.0000    14.5602    13.8159 
  Rf 104    9.6664    10.4000    11.1427    11.8929     4.0000     3.5777 
  Db 105    8.9443     9.6664    10.4000    11.1427     4.5255     4.0000 
  Sg 106    8.2365     8.9443     9.6664    10.4000     5.1225     4.5255 
  Bh 107    7.5472     8.2365     8.9443     9.6664     5.7689     5.1225 
  Hs 108    6.8819     7.5472     8.2365     8.9443     6.4498     5.7689 
  Mt 109    6.2482     6.8819     7.5472     8.2365     7.1554     6.4498 

             Al  13     Si  14      P  15      S  16     Cl  17     Ar  18
              ------------------------------------------------------------------
  Al  13    0.0000 
  Si  14    0.8000     0.0000 
   P  15    1.6000     0.8000     0.0000 
   S  16    2.4000     1.6000     0.8000     0.0000 
  Cl  17    3.2000     2.4000     1.6000     0.8000     0.0000 
  Ar  18    4.0000     3.2000     2.4000     1.6000     0.8000     0.0000 
   K  19    9.6333    10.4307    11.2285    12.0266    12.8250    13.6235 
  Ca  20    8.8363     9.6333    10.4307    11.2285    12.0266    12.8250 
  Sc  21    8.0399     8.8363     9.6333    10.4307    11.2285    12.0266 
  Ti  22    7.2443     8.0399     8.8363     9.6333    10.4307    11.2285 
   V  23    6.4498     7.2443     8.0399     8.8363     9.6333    10.4307 
  Cr  24    5.6569     6.4498     7.2443     8.0399     8.8363     9.6333 
  Mn  25    4.8662     5.6569     6.4498     7.2443     8.0399     8.8363 
  Fe  26    4.0792     4.8662     5.6569     6.4498     7.2443     8.0399 
  Co  27    3.2985     4.0792     4.8662     5.6569     6.4498     7.2443 
  Ni  28    2.5298     3.2985     4.0792     4.8662     5.6569     6.4498 
  Cu  29    1.7889     2.5298     3.2985     4.0792     4.8662     5.6569 
  Zn  30    1.1314     1.7889     2.5298     3.2985     4.0792     4.8662 
  Ga  31    0.8000     1.1314     1.7889     2.5298     3.2985     4.0792 
  Ge  32    1.1314     0.8000     1.1314     1.7889     2.5298     3.2985 
  As  33    1.7889     1.1314     0.8000     1.1314     1.7889     2.5298 
  Se  34    2.5298     1.7889     1.1314     0.8000     1.1314     1.7889 
  Br  35    3.2985     2.5298     1.7889     1.1314     0.8000     1.1314 
  Kr  36    4.0792     3.2985     2.5298     1.7889     1.1314     0.8000 
  Rb  37    9.7324    10.5224    11.3137    12.1062    12.8996    13.6938 
  Sr  38    8.9443     9.7324    10.5224    11.3137    12.1062    12.8996 
   Y  39    8.1584     8.9443     9.7324    10.5224    11.3137    12.1062 
  Zr  40    7.3756     8.1584     8.9443     9.7324    10.5224    11.3137 
  Nb  41    6.5970     7.3756     8.1584     8.9443     9.7324    10.5224 
  Mo  42    5.8241     6.5970     7.3756     8.1584     8.9443     9.7324 
  Tc  43    5.0596     5.8241     6.5970     7.3756     8.1584     8.9443 
  Ru  44    4.3081     5.0596     5.8241     6.5970     7.3756     8.1584 
  Rh  45    3.5777     4.3081     5.0596     5.8241     6.5970     7.3756 
  Pd  46    2.8844     3.5777     4.3081     5.0596     5.8241     6.5970 
  Ag  47    2.2627     2.8844     3.5777     4.3081     5.0596     5.8241 
  Cd  48    1.7889     2.2627     2.8844     3.5777     4.3081     5.0596 
  In  49    1.6000     1.7889     2.2627     2.8844     3.5777     4.3081 
  Sn  50    1.7889     1.6000     1.7889     2.2627     2.8844     3.5777 
  Sb  51    2.2627     1.7889     1.6000     1.7889     2.2627     2.8844 
  Te  52    2.8844     2.2627     1.7889     1.6000     1.7889     2.2627 
   I  53    3.5777     2.8844     2.2627     1.7889     1.6000     1.7889 
  Xe  54    4.3081     3.5777     2.8844     2.2627     1.7889     1.6000 
  Cs  55    9.8955    10.6733    11.4543    12.2376    13.0231    13.8101 
  Ba  56    9.1214     9.8955    10.6733    11.4543    12.2376    13.0231 
  La  57    8.3522     9.1214     9.8955    10.6733    11.4543    12.2376 
  Ce  58    7.7666     8.4380     9.1302     9.8387    10.5603    11.2925 
  Pr  59    7.1218     7.7666     8.4380     9.1302     9.8387    10.5603 
  Nd  60    6.5115     7.1218     7.7666     8.4380     9.1302     9.8387 
  Pm  61    5.9464     6.5115     7.1218     7.7666     8.4380     9.1302 
  Sm  62    5.4406     5.9464     6.5115     7.1218     7.7666     8.4380 
  Eu  63    5.0120     5.4406     5.9464     6.5115     7.1218     7.7666 
  Gd  64    4.6819     5.0120     5.4406     5.9464     6.5115     7.1218 
  Tb  65    4.4721     4.6819     5.0120     5.4406     5.9464     6.5115 
  Dy  66    4.4000     4.4721     4.6819     5.0120     5.4406     5.9464 
  Ho  67    4.4721     4.4000     4.4721     4.6819     5.0120     5.4406 
  Er  68    4.6819     4.4721     4.4000     4.4721     4.6819     5.0120 
  Tm  69    5.0120     4.6819     4.4721     4.4000     4.4721     4.6819 
  Yb  70    5.4406     5.0120     4.6819     4.4721     4.4000     4.4721 
  Lu  71    5.9464     5.4406     5.0120     4.6819     4.4721     4.4000 
  Hf  72    7.5895     8.3522     9.1214     9.8955    10.6733    11.4543 
  Ta  73    6.8352     7.5895     8.3522     9.1214     9.8955    10.6733 
   W  74    6.0926     6.8352     7.5895     8.3522     9.1214     9.8955 
  Re  75    5.3666     6.0926     6.8352     7.5895     8.3522     9.1214 
  Os  76    4.6648     5.3666     6.0926     6.8352     7.5895     8.3522 
  Ir  77    4.0000     4.6648     5.3666     6.0926     6.8352     7.5895 
  Pt  78    3.3941     4.0000     4.6648     5.3666     6.0926     6.8352 
  Au  79    2.8844     3.3941     4.0000     4.6648     5.3666     6.0926 
  Hg  80    2.5298     2.8844     3.3941     4.0000     4.6648     5.3666 
  Tl  81    2.4000     2.5298     2.8844     3.3941     4.0000     4.6648 
  Pb  82    2.5298     2.4000     2.5298     2.8844     3.3941     4.0000 
  Bi  83    2.8844     2.5298     2.4000     2.5298     2.8844     3.3941 
  Po  84    3.3941     2.8844     2.5298     2.4000     2.5298     2.8844 
  At  85    4.0000     3.3941     2.8844     2.5298     2.4000     2.5298 
  Rn  86    4.6648     4.0000     3.3941     2.8844     2.5298     2.4000 
  Fr  87   10.1193    10.8812    11.6482    12.4193    13.1939    13.9714 
  Ra  88    9.3638    10.1193    10.8812    11.6482    12.4193    13.1939 
  Ac  89    8.6163     9.3638    10.1193    10.8812    11.6482    12.4193 
  Th  90    8.2462     8.8814     9.5415    10.2215    10.9179    11.6276 
  Pa  91    7.6420     8.2462     8.8814     9.5415    10.2215    10.9179 
   U  92    7.0767     7.6420     8.2462     8.8814     9.5415    10.2215 
  Np  93    6.5605     7.0767     7.6420     8.2462     8.8814     9.5415 
  Pu  94    6.1057     6.5605     7.0767     7.6420     8.2462     8.8814 
  Am  95    5.7271     6.1057     6.5605     7.0767     7.6420     8.2462 
  Cm  96    5.4406     5.7271     6.1057     6.5605     7.0767     7.6420 
  Bk  97    5.2612     5.4406     5.7271     6.1057     6.5605     7.0767 
  Cf  98    5.2000     5.2612     5.4406     5.7271     6.1057     6.5605 
  Es  99    5.2612     5.2000     5.2612     5.4406     5.7271     6.1057 
  Fm 100    5.4406     5.2612     5.2000     5.2612     5.4406     5.7271 
  Md 101    5.7271     5.4406     5.2612     5.2000     5.2612     5.4406 
  No 102    6.1057     5.7271     5.4406     5.2612     5.2000     5.2612 
  Lr 103    6.5605     6.1057     5.7271     5.4406     5.2612     5.2000 
  Rf 104    7.8791     8.6163     9.3638    10.1193    10.8812    11.6482 
  Db 105    7.1554     7.8791     8.6163     9.3638    10.1193    10.8812 
  Sg 106    6.4498     7.1554     7.8791     8.6163     9.3638    10.1193 
  Bh 107    5.7689     6.4498     7.1554     7.8791     8.6163     9.3638 
  Hs 108    5.1225     5.7689     6.4498     7.1554     7.8791     8.6163 
  Mt 109    4.5255     5.1225     5.7689     6.4498     7.1554     7.8791 

              K  19     Ca  20     Sc  21     Ti  22      V  23     Cr  24
              ------------------------------------------------------------------
   K  19    0.0000 
  Ca  20    0.8000     0.0000 
  Sc  21    1.6000     0.8000     0.0000 
  Ti  22    2.4000     1.6000     0.8000     0.0000 
   V  23    3.2000     2.4000     1.6000     0.8000     0.0000 
  Cr  24    4.0000     3.2000     2.4000     1.6000     0.8000     0.0000 
  Mn  25    4.8000     4.0000     3.2000     2.4000     1.6000     0.8000 
  Fe  26    5.6000     4.8000     4.0000     3.2000     2.4000     1.6000 
  Co  27    6.4000     5.6000     4.8000     4.0000     3.2000     2.4000 
  Ni  28    7.2000     6.4000     5.6000     4.8000     4.0000     3.2000 
  Cu  29    8.0000     7.2000     6.4000     5.6000     4.8000     4.0000 
  Zn  30    8.8000     8.0000     7.2000     6.4000     5.6000     4.8000 
  Ga  31    9.6000     8.8000     8.0000     7.2000     6.4000     5.6000 
  Ge  32   10.4000     9.6000     8.8000     8.0000     7.2000     6.4000 
  As  33   11.2000    10.4000     9.6000     8.8000     8.0000     7.2000 
  Se  34   12.0000    11.2000    10.4000     9.6000     8.8000     8.0000 
  Br  35   12.8000    12.0000    11.2000    10.4000     9.6000     8.8000 
  Kr  36   13.6000    12.8000    12.0000    11.2000    10.4000     9.6000 
  Rb  37    0.8000     1.1314     1.7889     2.5298     3.2985     4.0792 
  Sr  38    1.1314     0.8000     1.1314     1.7889     2.5298     3.2985 
   Y  39    1.7889     1.1314     0.8000     1.1314     1.7889     2.5298 
  Zr  40    2.5298     1.7889     1.1314     0.8000     1.1314     1.7889 
  Nb  41    3.2985     2.5298     1.7889     1.1314     0.8000     1.1314 
  Mo  42    4.0792     3.2985     2.5298     1.7889     1.1314     0.8000 
  Tc  43    4.8662     4.0792     3.2985     2.5298     1.7889     1.1314 
  Ru  44    5.6569     4.8662     4.0792     3.2985     2.5298     1.7889 
  Rh  45    6.4498     5.6569     4.8662     4.0792     3.2985     2.5298 
  Pd  46    7.2443     6.4498     5.6569     4.8662     4.0792     3.2985 
  Ag  47    8.0399     7.2443     6.4498     5.6569     4.8662     4.0792 
  Cd  48    8.8363     8.0399     7.2443     6.4498     5.6569     4.8662 
  In  49    9.6333     8.8363     8.0399     7.2443     6.4498     5.6569 
  Sn  50   10.4307     9.6333     8.8363     8.0399     7.2443     6.4498 
  Sb  51   11.2285    10.4307     9.6333     8.8363     8.0399     7.2443 
  Te  52   12.0266    11.2285    10.4307     9.6333     8.8363     8.0399 
   I  53   12.8250    12.0266    11.2285    10.4307     9.6333     8.8363 
  Xe  54   13.6235    12.8250    12.0266    11.2285    10.4307     9.6333 
  Cs  55    1.6000     1.7889     2.2627     2.8844     3.5777     4.3081 
  Ba  56    1.7889     1.6000     1.7889     2.2627     2.8844     3.5777 
  La  57    2.2627     1.7889     1.6000     1.7889     2.2627     2.8844 
  Ce  58    4.8166     4.3267     3.9395     3.6878     3.6000     3.6878 
  Pr  59    5.3814     4.8166     4.3267     3.9395     3.6878     3.6000 
  Nd  60    6.0000     5.3814     4.8166     4.3267     3.9395     3.6878 
  Pm  61    6.6573     6.0000     5.3814     4.8166     4.3267     3.9395 
  Sm  62    7.3430     6.6573     6.0000     5.3814     4.8166     4.3267 
  Eu  63    8.0498     7.3430     6.6573     6.0000     5.3814     4.8166 
  Gd  64    8.7727     8.0498     7.3430     6.6573     6.0000     5.3814 
  Tb  65    9.5079     8.7727     8.0498     7.3430     6.6573     6.0000 
  Dy  66   10.2528     9.5079     8.7727     8.0498     7.3430     6.6573 
  Ho  67   11.0055    10.2528     9.5079     8.7727     8.0498     7.3430 
  Er  68   11.7644    11.0055    10.2528     9.5079     8.7727     8.0498 
  Tm  69   12.5284    11.7644    11.0055    10.2528     9.5079     8.7727 
  Yb  70   13.2966    12.5284    11.7644    11.0055    10.2528     9.5079 
  Lu  71   14.0684    13.2966    12.5284    11.7644    11.0055    10.2528 
  Hf  72    2.8844     2.2627     1.7889     1.6000     1.7889     2.2627 
  Ta  73    3.5777     2.8844     2.2627     1.7889     1.6000     1.7889 
   W  74    4.3081     3.5777     2.8844     2.2627     1.7889     1.6000 
  Re  75    5.0596     4.3081     3.5777     2.8844     2.2627     1.7889 
  Os  76    5.8241     5.0596     4.3081     3.5777     2.8844     2.2627 
  Ir  77    6.5970     5.8241     5.0596     4.3081     3.5777     2.8844 
  Pt  78    7.3756     6.5970     5.8241     5.0596     4.3081     3.5777 
  Au  79    8.1584     7.3756     6.5970     5.8241     5.0596     4.3081 
  Hg  80    8.9443     8.1584     7.3756     6.5970     5.8241     5.0596 
  Tl  81    9.7324     8.9443     8.1584     7.3756     6.5970     5.8241 
  Pb  82   10.5224     9.7324     8.9443     8.1584     7.3756     6.5970 
  Bi  83   11.3137    10.5224     9.7324     8.9443     8.1584     7.3756 
  Po  84   12.1062    11.3137    10.5224     9.7324     8.9443     8.1584 
  At  85   12.8996    12.1062    11.3137    10.5224     9.7324     8.9443 
  Rn  86   13.6938    12.8996    12.1062    11.3137    10.5224     9.7324 
  Fr  87    2.4000     2.5298     2.8844     3.3941     4.0000     4.6648 
  Ra  88    2.5298     2.4000     2.5298     2.8844     3.3941     4.0000 
  Ac  89    2.8844     2.5298     2.4000     2.5298     2.8844     3.3941 
  Th  90    5.4406     5.0120     4.6819     4.4721     4.4000     4.4721 
  Pa  91    5.9464     5.4406     5.0120     4.6819     4.4721     4.4000 
   U  92    6.5115     5.9464     5.4406     5.0120     4.6819     4.4721 
  Np  93    7.1218     6.5115     5.9464     5.4406     5.0120     4.6819 
  Pu  94    7.7666     7.1218     6.5115     5.9464     5.4406     5.0120 
  Am  95    8.4380     7.7666     7.1218     6.5115     5.9464     5.4406 
  Cm  96    9.1302     8.4380     7.7666     7.1218     6.5115     5.9464 
  Bk  97    9.8387     9.1302     8.4380     7.7666     7.1218     6.5115 
  Cf  98   10.5603     9.8387     9.1302     8.4380     7.7666     7.1218 
  Es  99   11.2925    10.5603     9.8387     9.1302     8.4380     7.7666 
  Fm 100   12.0333    11.2925    10.5603     9.8387     9.1302     8.4380 
  Md 101   12.7812    12.0333    11.2925    10.5603     9.8387     9.1302 
  No 102   13.5351    12.7812    12.0333    11.2925    10.5603     9.8387 
  Lr 103   14.2941    13.5351    12.7812    12.0333    11.2925    10.5603 
  Rf 104    3.3941     2.8844     2.5298     2.4000     2.5298     2.8844 
  Db 105    4.0000     3.3941     2.8844     2.5298     2.4000     2.5298 
  Sg 106    4.6648     4.0000     3.3941     2.8844     2.5298     2.4000 
  Bh 107    5.3666     4.6648     4.0000     3.3941     2.8844     2.5298 
  Hs 108    6.0926     5.3666     4.6648     4.0000     3.3941     2.8844 
  Mt 109    6.8352     6.0926     5.3666     4.6648     4.0000     3.3941 

             Mn  25     Fe  26     Co  27     Ni  28     Cu  29     Zn  30
              ------------------------------------------------------------------
  Mn  25    0.0000 
  Fe  26    0.8000     0.0000 
  Co  27    1.6000     0.8000     0.0000 
  Ni  28    2.4000     1.6000     0.8000     0.0000 
  Cu  29    3.2000     2.4000     1.6000     0.8000     0.0000 
  Zn  30    4.0000     3.2000     2.4000     1.6000     0.8000     0.0000 
  Ga  31    4.8000     4.0000     3.2000     2.4000     1.6000     0.8000 
  Ge  32    5.6000     4.8000     4.0000     3.2000     2.4000     1.6000 
  As  33    6.4000     5.6000     4.8000     4.0000     3.2000     2.4000 
  Se  34    7.2000     6.4000     5.6000     4.8000     4.0000     3.2000 
  Br  35    8.0000     7.2000     6.4000     5.6000     4.8000     4.0000 
  Kr  36    8.8000     8.0000     7.2000     6.4000     5.6000     4.8000 
  Rb  37    4.8662     5.6569     6.4498     7.2443     8.0399     8.8363 
  Sr  38    4.0792     4.8662     5.6569     6.4498     7.2443     8.0399 
   Y  39    3.2985     4.0792     4.8662     5.6569     6.4498     7.2443 
  Zr  40    2.5298     3.2985     4.0792     4.8662     5.6569     6.4498 
  Nb  41    1.7889     2.5298     3.2985     4.0792     4.8662     5.6569 
  Mo  42    1.1314     1.7889     2.5298     3.2985     4.0792     4.8662 
  Tc  43    0.8000     1.1314     1.7889     2.5298     3.2985     4.0792 
  Ru  44    1.1314     0.8000     1.1314     1.7889     2.5298     3.2985 
  Rh  45    1.7889     1.1314     0.8000     1.1314     1.7889     2.5298 
  Pd  46    2.5298     1.7889     1.1314     0.8000     1.1314     1.7889 
  Ag  47    3.2985     2.5298     1.7889     1.1314     0.8000     1.1314 
  Cd  48    4.0792     3.2985     2.5298     1.7889     1.1314     0.8000 
  In  49    4.8662     4.0792     3.2985     2.5298     1.7889     1.1314 
  Sn  50    5.6569     4.8662     4.0792     3.2985     2.5298     1.7889 
  Sb  51    6.4498     5.6569     4.8662     4.0792     3.2985     2.5298 
  Te  52    7.2443     6.4498     5.6569     4.8662     4.0792     3.2985 
   I  53    8.0399     7.2443     6.4498     5.6569     4.8662     4.0792 
  Xe  54    8.8363     8.0399     7.2443     6.4498     5.6569     4.8662 
  Cs  55    5.0596     5.8241     6.5970     7.3756     8.1584     8.9443 
  Ba  56    4.3081     5.0596     5.8241     6.5970     7.3756     8.1584 
  La  57    3.5777     4.3081     5.0596     5.8241     6.5970     7.3756 
  Ce  58    3.9395     4.3267     4.8166     5.3814     6.0000     6.6573 
  Pr  59    3.6878     3.9395     4.3267     4.8166     5.3814     6.0000 
  Nd  60    3.6000     3.6878     3.9395     4.3267     4.8166     5.3814 
  Pm  61    3.6878     3.6000     3.6878     3.9395     4.3267     4.8166 
  Sm  62    3.9395     3.6878     3.6000     3.6878     3.9395     4.3267 
  Eu  63    4.3267     3.9395     3.6878     3.6000     3.6878     3.9395 
  Gd  64    4.8166     4.3267     3.9395     3.6878     3.6000     3.6878 
  Tb  65    5.3814     4.8166     4.3267     3.9395     3.6878     3.6000 
  Dy  66    6.0000     5.3814     4.8166     4.3267     3.9395     3.6878 
  Ho  67    6.6573     6.0000     5.3814     4.8166     4.3267     3.9395 
  Er  68    7.3430     6.6573     6.0000     5.3814     4.8166     4.3267 
  Tm  69    8.0498     7.3430     6.6573     6.0000     5.3814     4.8166 
  Yb  70    8.7727     8.0498     7.3430     6.6573     6.0000     5.3814 
  Lu  71    9.5079     8.7727     8.0498     7.3430     6.6573     6.0000 
  Hf  72    2.8844     3.5777     4.3081     5.0596     5.8241     6.5970 
  Ta  73    2.2627     2.8844     3.5777     4.3081     5.0596     5.8241 
   W  74    1.7889     2.2627     2.8844     3.5777     4.3081     5.0596 
  Re  75    1.6000     1.7889     2.2627     2.8844     3.5777     4.3081 
  Os  76    1.7889     1.6000     1.7889     2.2627     2.8844     3.5777 
  Ir  77    2.2627     1.7889     1.6000     1.7889     2.2627     2.8844 
  Pt  78    2.8844     2.2627     1.7889     1.6000     1.7889     2.2627 
  Au  79    3.5777     2.8844     2.2627     1.7889     1.6000     1.7889 
  Hg  80    4.3081     3.5777     2.8844     2.2627     1.7889     1.6000 
  Tl  81    5.0596     4.3081     3.5777     2.8844     2.2627     1.7889 
  Pb  82    5.8241     5.0596     4.3081     3.5777     2.8844     2.2627 
  Bi  83    6.5970     5.8241     5.0596     4.3081     3.5777     2.8844 
  Po  84    7.3756     6.5970     5.8241     5.0596     4.3081     3.5777 
  At  85    8.1584     7.3756     6.5970     5.8241     5.0596     4.3081 
  Rn  86    8.9443     8.1584     7.3756     6.5970     5.8241     5.0596 
  Fr  87    5.3666     6.0926     6.8352     7.5895     8.3522     9.1214 
  Ra  88    4.6648     5.3666     6.0926     6.8352     7.5895     8.3522 
  Ac  89    4.0000     4.6648     5.3666     6.0926     6.8352     7.5895 
  Th  90    4.6819     5.0120     5.4406     5.9464     6.5115     7.1218 
  Pa  91    4.4721     4.6819     5.0120     5.4406     5.9464     6.5115 
   U  92    4.4000     4.4721     4.6819     5.0120     5.4406     5.9464 
  Np  93    4.4721     4.4000     4.4721     4.6819     5.0120     5.4406 
  Pu  94    4.6819     4.4721     4.4000     4.4721     4.6819     5.0120 
  Am  95    5.0120     4.6819     4.4721     4.4000     4.4721     4.6819 
  Cm  96    5.4406     5.0120     4.6819     4.4721     4.4000     4.4721 
  Bk  97    5.9464     5.4406     5.0120     4.6819     4.4721     4.4000 
  Cf  98    6.5115     5.9464     5.4406     5.0120     4.6819     4.4721 
  Es  99    7.1218     6.5115     5.9464     5.4406     5.0120     4.6819 
  Fm 100    7.7666     7.1218     6.5115     5.9464     5.4406     5.0120 
  Md 101    8.4380     7.7666     7.1218     6.5115     5.9464     5.4406 
  No 102    9.1302     8.4380     7.7666     7.1218     6.5115     5.9464 
  Lr 103    9.8387     9.1302     8.4380     7.7666     7.1218     6.5115 
  Rf 104    3.3941     4.0000     4.6648     5.3666     6.0926     6.8352 
  Db 105    2.8844     3.3941     4.0000     4.6648     5.3666     6.0926 
  Sg 106    2.5298     2.8844     3.3941     4.0000     4.6648     5.3666 
  Bh 107    2.4000     2.5298     2.8844     3.3941     4.0000     4.6648 
  Hs 108    2.5298     2.4000     2.5298     2.8844     3.3941     4.0000 
  Mt 109    2.8844     2.5298     2.4000     2.5298     2.8844     3.3941 

             Ga  31     Ge  32     As  33     Se  34     Br  35     Kr  36
              ------------------------------------------------------------------
  Ga  31    0.0000 
  Ge  32    0.8000     0.0000 
  As  33    1.6000     0.8000     0.0000 
  Se  34    2.4000     1.6000     0.8000     0.0000 
  Br  35    3.2000     2.4000     1.6000     0.8000     0.0000 
  Kr  36    4.0000     3.2000     2.4000     1.6000     0.8000     0.0000 
  Rb  37    9.6333    10.4307    11.2285    12.0266    12.8250    13.6235 
  Sr  38    8.8363     9.6333    10.4307    11.2285    12.0266    12.8250 
   Y  39    8.0399     8.8363     9.6333    10.4307    11.2285    12.0266 
  Zr  40    7.2443     8.0399     8.8363     9.6333    10.4307    11.2285 
  Nb  41    6.4498     7.2443     8.0399     8.8363     9.6333    10.4307 
  Mo  42    5.6569     6.4498     7.2443     8.0399     8.8363     9.6333 
  Tc  43    4.8662     5.6569     6.4498     7.2443     8.0399     8.8363 
  Ru  44    4.0792     4.8662     5.6569     6.4498     7.2443     8.0399 
  Rh  45    3.2985     4.0792     4.8662     5.6569     6.4498     7.2443 
  Pd  46    2.5298     3.2985     4.0792     4.8662     5.6569     6.4498 
  Ag  47    1.7889     2.5298     3.2985     4.0792     4.8662     5.6569 
  Cd  48    1.1314     1.7889     2.5298     3.2985     4.0792     4.8662 
  In  49    0.8000     1.1314     1.7889     2.5298     3.2985     4.0792 
  Sn  50    1.1314     0.8000     1.1314     1.7889     2.5298     3.2985 
  Sb  51    1.7889     1.1314     0.8000     1.1314     1.7889     2.5298 
  Te  52    2.5298     1.7889     1.1314     0.8000     1.1314     1.7889 
   I  53    3.2985     2.5298     1.7889     1.1314     0.8000     1.1314 
  Xe  54    4.0792     3.2985     2.5298     1.7889     1.1314     0.8000 
  Cs  55    9.7324    10.5224    11.3137    12.1062    12.8996    13.6938 
  Ba  56    8.9443     9.7324    10.5224    11.3137    12.1062    12.8996 
  La  57    8.1584     8.9443     9.7324    10.5224    11.3137    12.1062 
  Ce  58    7.3430     8.0498     8.7727     9.5079    10.2528    11.0055 
  Pr  59    6.6573     7.3430     8.0498     8.7727     9.5079    10.2528 
  Nd  60    6.0000     6.6573     7.3430     8.0498     8.7727     9.5079 
  Pm  61    5.3814     6.0000     6.6573     7.3430     8.0498     8.7727 
  Sm  62    4.8166     5.3814     6.0000     6.6573     7.3430     8.0498 
  Eu  63    4.3267     4.8166     5.3814     6.0000     6.6573     7.3430 
  Gd  64    3.9395     4.3267     4.8166     5.3814     6.0000     6.6573 
  Tb  65    3.6878     3.9395     4.3267     4.8166     5.3814     6.0000 
  Dy  66    3.6000     3.6878     3.9395     4.3267     4.8166     5.3814 
  Ho  67    3.6878     3.6000     3.6878     3.9395     4.3267     4.8166 
  Er  68    3.9395     3.6878     3.6000     3.6878     3.9395     4.3267 
  Tm  69    4.3267     3.9395     3.6878     3.6000     3.6878     3.9395 
  Yb  70    4.8166     4.3267     3.9395     3.6878     3.6000     3.6878 
  Lu  71    5.3814     4.8166     4.3267     3.9395     3.6878     3.6000 
  Hf  72    7.3756     8.1584     8.9443     9.7324    10.5224    11.3137 
  Ta  73    6.5970     7.3756     8.1584     8.9443     9.7324    10.5224 
   W  74    5.8241     6.5970     7.3756     8.1584     8.9443     9.7324 
  Re  75    5.0596     5.8241     6.5970     7.3756     8.1584     8.9443 
  Os  76    4.3081     5.0596     5.8241     6.5970     7.3756     8.1584 
  Ir  77    3.5777     4.3081     5.0596     5.8241     6.5970     7.3756 
